#Amery = 115, West = 102, Publications = 104, Venable = 53, Abbot = 110, Cosgrove = 54, PIG = 55, Thwaites = 56, crosson = 57, Dotson = 58, Getz = 60, Nickerson = 64, Sulzberger = 65,Brunt = 36, Riiser-Larsen = 37, Quar = 38, Ekstrom = 39, Atka = 124, Jelbaert = 125, Fimbil = 121, Vigrid = 123, Nivlisen = 122, Lazarez = 120, Borchgrevink = 119, Baudouin = 118, Prince Herald = 158, scar inlet = 51, Larsen C = 8, Larsen D = 6, Larsen E = 7, N GVIIS = 45, S GVIIS = 44, Bach = 46, Stange = 52, Wilkins = 50, Ronne = 34, Filchner = 35, Ross West = 70, Ross East = 71, Mertz = 91,  Ninnis = 162, Cook = 90, Rennick = 86, Mariner = 83, Drygalski = 73, Nansen = 74, Dibble = 114, Shackleton = 100, Tracy Tremenchus = 24, Conger Glenzer = 99, Vincennes Bay = 159, Totten = 98, Moscow uni = 157, Holmes = 156
#lat,long,region
-85,-161.25,71
-85,-160,71
-85,-157.5,71
-84.5,-170,71
-84.5,-168.12,71
-84.5,-166.88,70
-84.5,-165.62,70
-84.5,-164.38,70
-84,-178.12,71
-84,-176.25,70
-84,-174.38,70
-84,-172.5,70
-84,-170,70
-84,-168.12,70
-84,-166.25,70
-84,-163.75,70
-83.5,-179.38,70
-83.5,-178.12,70
-83.5,-175.62,70
-83.5,-173.12,70
-83.5,-170.62,70
-83.5,-160.62,70
-83.5,172.5,71
-83.5,173.75,71
-83.5,175,71
-83.5,176.25,71
-83.5,176.88,71
-83.5,178.75,70
-83,-178.75,70
-83,-176.88,70
-83,-175,70
-83,-170.62,70
-83,-168.75,70
-83,-166.88,70
-83,-160.62,70
-83,-157.5,70
-83,-61.875,34
-83,-60.625,34
-83,-59.375,35
-83,171.25,71
-83,173.12,71
-83,175,71
-83,176.88,71
-83,179.38,70
-82.5,-179.38,70
-82.5,-177.5,70
-82.5,-175.62,70
-82.5,-173.75,70
-82.5,-171.88,70
-82.5,-170,70
-82.5,-168.12,70
-82.5,-166.25,70
-82.5,-164.38,70
-82.5,-162.5,70
-82.5,-158.75,70
-82.5,-156.88,70
-82.5,-155.62,70
-82.5,-154.38,70
-82.5,-153.12,70
-82.5,-62.5,34
-82.5,-61.875,34
-82.5,-61.25,34
-82.5,-59.375,34
-82.5,-58.75,34
-82.5,-58.125,35
-82.5,-57.5,35
-82.5,-56.875,35
-82.5,166.25,71
-82.5,166.88,71
-82.5,167.5,71
-82.5,168.75,71
-82.5,170,71
-82.5,171.25,71
-82.5,173.12,71
-82.5,175,71
-82.5,176.88,70
-82.5,178.75,70
-82,-178.75,70
-82,-176.88,70
-82,-175,70
-82,-173.12,70
-82,-171.25,70
-82,-169.38,70
-82,-167.5,70
-82,-163.75,70
-82,-161.88,70
-82,-160,70
-82,-156.88,70
-82,-155.62,70
-82,-65,34
-82,-63.75,34
-82,-62.5,34
-82,-61.25,34
-82,-60,34
-82,-58.125,34
-82,-56.25,35
-82,-55.625,35
-82,-55,35
-82,-54.375,35
-82,-53.75,35
-82,-51.875,35
-82,-45,35
-82,-44.375,35
-82,164.38,71
-82,165,71
-82,165.62,71
-82,166.25,71
-82,166.88,71
-82,167.5,71
-82,168.12,71
-82,169.38,71
-82,170.62,71
-82,171.88,71
-82,173.75,71
-82,175.62,71
-82,177.5,70
-82,179.38,70
-81.5,-180,70
-81.5,-178.12,70
-81.5,-176.25,70
-81.5,-174.38,70
-81.5,-172.5,70
-81.5,-170.62,70
-81.5,-168.75,70
-81.5,-166.25,70
-81.5,-163.75,70
-81.5,-160,70
-81.5,-158.75,70
-81.5,-157.5,70
-81.5,-156.25,70
-81.5,-155.62,70
-81.5,-155,70
-81.5,-63.125,34
-81.5,-61.875,34
-81.5,-60,34
-81.5,-58.125,34
-81.5,-56.875,34
-81.5,-54.375,35
-81.5,-50.625,35
-81.5,-48.75,35
-81.5,-46.875,35
-81.5,-45.625,35
-81.5,-45,35
-81.5,-44.375,35
-81.5,-43.75,35
-81.5,-43.125,35
-81.5,-42.5,35
-81.5,-41.875,35
-81.5,163.75,71
-81.5,164.38,71
-81.5,165,71
-81.5,165.62,71
-81.5,166.25,71
-81.5,166.88,71
-81.5,167.5,71
-81.5,168.12,71
-81.5,170,71
-81.5,171.88,71
-81.5,173.12,71
-81.5,174.38,71
-81.5,176.25,70
-81.5,178.12,70
-81,-179.38,70
-81,-177.5,70
-81,-175.62,70
-81,-173.75,70
-81,-171.88,70
-81,-170,70
-81,-168.12,70
-81,-165.62,70
-81,-163.12,70
-81,-161.25,70
-81,-159.38,70
-81,-158.12,70
-81,-156.88,70
-81,-155.62,70
-81,-155,70
-81,-154.38,70
-81,-152.5,70
-81,-150.62,70
-81,-67.5,34
-81,-66.25,34
-81,-65,34
-81,-63.75,34
-81,-61.875,34
-81,-60,34
-81,-56.25,34
-81,-55,34
-81,-53.125,35
-81,-51.25,35
-81,-50,35
-81,-47.5,35
-81,-45.625,35
-81,-45,35
-81,-44.375,35
-81,-43.75,35
-81,-43.125,35
-81,-42.5,35
-81,-41.875,35
-81,-41.25,35
-81,-40,35
-81,161.88,71
-81,162.5,71
-81,163.12,71
-81,163.75,71
-81,164.38,71
-81,165,71
-81,166.25,71
-81,167.5,71
-81,168.75,71
-81,170.62,71
-81,172.5,71
-81,173.75,71
-81,175,71
-81,176.88,70
-81,178.75,70
-80.5,-180,70
-80.5,-178.12,70
-80.5,-176.25,70
-80.5,-174.38,70
-80.5,-172.5,70
-80.5,-170.62,70
-80.5,-168.75,70
-80.5,-166.88,70
-80.5,-165,70
-80.5,-161.88,70
-80.5,-160,70
-80.5,-158.12,70
-80.5,-156.88,70
-80.5,-155.62,70
-80.5,-153.75,70
-80.5,-151.88,70
-80.5,-150.62,70
-80.5,-75.625,34
-80.5,-75,34
-80.5,-74.375,34
-80.5,-73.75,34
-80.5,-73.125,34
-80.5,-72.5,34
-80.5,-71.875,34
-80.5,-71.25,34
-80.5,-70.625,34
-80.5,-68.75,34
-80.5,-67.5,34
-80.5,-58.125,34
-80.5,-56.25,34
-80.5,-54.375,34
-80.5,-45.625,35
-80.5,-44.375,35
-80.5,-43.125,35
-80.5,-42.5,35
-80.5,-41.875,35
-80.5,-41.25,35
-80.5,-40,35
-80.5,-38.125,35
-80.5,-36.875,35
-80.5,-35.625,35
-80.5,-35,35
-80.5,-34.375,35
-80.5,-33.75,35
-80.5,-33.125,35
-80.5,161.25,71
-80.5,161.88,71
-80.5,162.5,71
-80.5,163.12,71
-80.5,163.75,71
-80.5,164.38,71
-80.5,165,71
-80.5,166.25,71
-80.5,167.5,71
-80.5,168.75,71
-80.5,170,71
-80.5,171.25,71
-80.5,173.12,71
-80.5,174.38,71
-80.5,176.25,71
-80.5,178.12,70
-80,-178.75,70
-80,-176.88,70
-80,-175,70
-80,-173.12,70
-80,-171.25,70
-80,-169.38,70
-80,-167.5,70
-80,-165.62,70
-80,-164.38,70
-80,-163.12,70
-80,-161.25,70
-80,-159.38,70
-80,-157.5,70
-80,-155.62,70
-80,-153.12,70
-80,-151.88,70
-80,-150.62,70
-80,-150,70
-80,-148.75,70
-80,-76.875,34
-80,-76.25,34
-80,-75.625,34
-80,-75,34
-80,-74.375,34
-80,-73.75,34
-80,-73.125,34
-80,-72.5,34
-80,-71.875,34
-80,-70.625,34
-80,-69.375,34
-80,-67.5,34
-80,-65.625,34
-80,-63.125,34
-80,-56.875,34
-80,-55,34
-80,-53.75,34
-80,-52.5,34
-80,-42.5,35
-80,-41.875,35
-80,-40.625,35
-80,-39.375,35
-80,-38.125,35
-80,-35.625,35
-80,-34.375,35
-80,-33.75,35
-80,-33.125,35
-80,-32.5,35
-80,-31.875,35
-80,-31.25,35
-80,161.88,71
-80,162.5,71
-80,163.12,71
-80,163.75,71
-80,164.38,71
-80,165,71
-80,166.25,71
-80,167.5,71
-80,168.75,71
-80,170,71
-80,171.25,71
-80,172.5,71
-80,173.75,71
-80,175,71
-80,176.88,71
-80,178.75,70
-79.5,-180,70
-79.5,-178.12,70
-79.5,-176.25,70
-79.5,-174.38,70
-79.5,-172.5,70
-79.5,-170.62,70
-79.5,-168.75,70
-79.5,-166.88,70
-79.5,-165.62,70
-79.5,-164.38,70
-79.5,-158.12,70
-79.5,-156.88,70
-79.5,-155.62,70
-79.5,-154.38,70
-79.5,-153.12,70
-79.5,-152.5,70
-79.5,-151.88,70
-79.5,-151.25,70
-79.5,-75.625,34
-79.5,-75,34
-79.5,-74.375,34
-79.5,-73.75,34
-79.5,-72.5,34
-79.5,-69.375,34
-79.5,-66.25,34
-79.5,-65,34
-79.5,-63.125,34
-79.5,-61.25,34
-79.5,-59.375,34
-79.5,-56.875,34
-79.5,-55,34
-79.5,-53.75,34
-79.5,-52.5,34
-79.5,-51.875,34
-79.5,-51.25,34
-79.5,-50.625,34
-79.5,-42.5,35
-79.5,-41.875,35
-79.5,-41.25,35
-79.5,-40.625,35
-79.5,-40,35
-79.5,-38.75,35
-79.5,-36.875,35
-79.5,-35.625,35
-79.5,-34.375,35
-79.5,-33.125,35
-79.5,-32.5,35
-79.5,-31.875,35
-79.5,-31.25,35
-79.5,161.88,71
-79.5,162.5,71
-79.5,163.12,71
-79.5,163.75,71
-79.5,164.38,71
-79.5,165,71
-79.5,165.62,71
-79.5,166.88,71
-79.5,168.12,71
-79.5,169.38,71
-79.5,170.62,71
-79.5,171.88,71
-79.5,173.12,71
-79.5,174.38,71
-79.5,175.62,71
-79.5,176.88,71
-79.5,178.75,70
-79,-180,70
-79,-178.75,70
-79,-177.5,70
-79,-175.62,70
-79,-173.75,70
-79,-172.5,70
-79,-171.25,70
-79,-170,70
-79,-168.75,70
-79,-167.5,70
-79,-166.25,70
-79,-165,70
-79,-160,70
-79,-158.75,70
-79,-156.25,70
-79,-81.25,34
-79,-80,34
-79,-78.75,34
-79,-78.125,34
-79,-76.875,34
-79,-75.625,34
-79,-74.375,34
-79,-73.125,34
-79,-71.875,34
-79,-67.5,34
-79,-66.25,34
-79,-65,34
-79,-63.125,34
-79,-61.25,34
-79,-59.375,34
-79,-57.5,34
-79,-55,34
-79,-53.75,34
-79,-52.5,34
-79,-51.875,34
-79,-51.25,34
-79,-50.625,34
-79,-43.125,35
-79,-42.5,35
-79,-41.25,35
-79,-40.625,35
-79,-39.375,35
-79,-38.125,35
-79,-36.875,35
-79,-35.625,35
-79,163.75,71
-79,165,71
-79,165.62,71
-79,166.88,71
-79,168.12,71
-79,169.38,71
-79,170,71
-79,170.62,71
-79,171.25,71
-79,172.5,71
-79,173.75,71
-79,175,71
-79,176.25,71
-79,177.5,71
-79,178.75,71
-78.5,-180,70
-78.5,-179.38,70
-78.5,-178.75,70
-78.5,-162.5,70
-78.5,-161.88,70
-78.5,-160.62,70
-78.5,-158.12,70
-78.5,-156.88,70
-78.5,-156.25,70
-78.5,-155.62,70
-78.5,-76.875,34
-78.5,-75.625,34
-78.5,-74.375,34
-78.5,-73.125,34
-78.5,-71.875,34
-78.5,-70,34
-78.5,-68.125,34
-78.5,-66.875,34
-78.5,-65.625,34
-78.5,-64.375,34
-78.5,-62.5,34
-78.5,-60.625,34
-78.5,-58.75,34
-78.5,-56.875,34
-78.5,-55,34
-78.5,-53.125,34
-78.5,-51.875,34
-78.5,-51.25,34
-78.5,-50.625,34
-78.5,-43.125,35
-78.5,-41.875,35
-78.5,-40.625,35
-78.5,-39.375,35
-78.5,-38.125,35
-78.5,-37.5,35
-78.5,-36.875,35
-78.5,166.88,71
-78.5,167.5,71
-78.5,168.12,71
-78.5,168.75,71
-78.5,170,71
-78.5,171.25,71
-78.5,172.5,71
-78.5,173.75,71
-78.5,175,71
-78.5,176.25,71
-78.5,177.5,71
-78.5,178.75,71
-78,-158.75,70
-78,-80,34
-78,-79.375,34
-78,-72.5,34
-78,-71.25,34
-78,-70,34
-78,-68.75,34
-78,-66.875,34
-78,-65,34
-78,-63.125,34
-78,-61.25,34
-78,-59.375,34
-78,-57.5,34
-78,-55.625,34
-78,-53.75,34
-78,-52.5,34
-78,-51.25,34
-78,-50.625,34
-78,-50,34
-78,-49.375,34
-78,-41.875,35
-78,-41.25,35
-78,166.25,71
-78,166.88,71
-78,167.5,71
-78,168.12,71
-78,168.75,71
-78,170,71
-78,171.25,71
-78,172.5,71
-78,173.75,71
-78,175,71
-78,176.25,71
-77.5,-150.62,65
-77.5,-150,65
-77.5,-73.75,34
-77.5,-73.125,34
-77.5,-71.875,34
-77.5,-70.625,34
-77.5,-69.375,34
-77.5,-67.5,34
-77.5,-65.625,34
-77.5,-64.375,34
-77.5,-62.5,34
-77.5,-61.25,34
-77.5,-60,34
-77.5,-58.125,34
-77.5,-56.25,34
-77.5,-53.75,34
-77.5,-53.125,34
-77.5,-52.5,34
-77.5,-51.875,34
-77.5,-51.25,34
-77.5,-50.625,34
-77.5,-50,34
-77,-149.38,65
-77,-148.12,65
-77,-147.5,65
-77,-146.88,65
-77,-76.25,34
-77,-75.625,34
-77,-75,34
-77,-74.375,34
-77,-73.75,34
-77,-72.5,34
-77,-71.25,34
-77,-70,34
-77,-68.75,34
-77,-67.5,34
-77,-66.25,34
-77,-65.625,34
-77,-64.375,34
-77,-63.125,34
-77,-61.875,34
-77,-60.625,34
-77,-59.375,34
-77,-58.125,34
-77,-56.875,34
-77,-55.625,34
-77,-55,34
-76.5,-148.75,65
-76.5,-148.12,65
-76.5,-147.5,65
-76.5,-146.88,65
-76.5,-77.5,34
-76.5,-67.5,34
-76.5,-66.875,34
-76.5,-66.25,34
-76.5,-65.625,34
-76.5,-65,34
-76.5,-64.375,34
-76.5,-63.75,34
-76.5,-63.125,34
-76.5,-62.5,34
-76.5,-61.25,34
-76.5,-60,34
-76.5,-58.75,34
-76.5,-57.5,34
-76,-65.625,34
-76,-65,34
-76,-64.375,34
-76,-63.75,34
-76,-63.125,34
-76,-62.5,34
-76,-61.875,34
-76,-61.25,34
-76,-60.625,34
-76,-59.375,34
-75.5,-63.125,34
-75.5,-62.5,34
-75.5,-61.875,34
-75.5,-61.25,34
-75.5,-24.375,36
-75.5,-23.75,36
-75.5,-22.5,36
-75.5,-21.875,36
-75.5,-20.625,36
-75,-110,57
-75,-109.38,57
-75,-106.88,56
-75,-106.25,56
-75,-105.62,56
-75,-100.62,55
-75,-100,55
-75,-23.125,36
-75,-22.5,36
-75,-21.875,36
-75,-21.25,36
-75,-20.625,36
-75,-20,36
-75,-19.375,36
-75,-18.75,36
-74.5,-130.62,60
-74.5,-129.38,60
-74.5,-128.75,60
-74.5,-128.12,60
-74.5,-126.88,60
-74.5,-125.62,60
-74.5,-124.38,60
-74.5,-121.25,60
-74.5,-113.12,58
-74.5,-112.5,58
-74.5,-100.62,55
-74.5,-21.875,36
-74.5,-21.25,36
-74.5,-20.625,36
-74.5,-20,36
-74.5,-19.375,36
-74.5,-18.125,36
-74,-126.88,60
-74,-126.25,60
-74,-123.75,60
-74,-123.12,60
-74,-19.375,37
-74,-18.75,37
-74,-18.125,37
-74,-17.5,37
-74,-16.875,37
-74,-16.25,37
-73.5,-101.25,54
-73.5,-100.62,54
-73.5,-76.25,52
-73.5,-18.75,37
-73.5,-18.125,37
-73.5,-17.5,37
-73.5,-16.875,37
-73,-101.88,110
-73,-100.62,110
-73,-100,110
-73,-99.375,110
-73,-98.125,110
-73,-96.875,110
-73,-96.25,110
-73,-95.625,110
-73,-94.375,110
-73,-92.5,110
-73,-90.625,110
-73,-89.375,110
-73,-88.125,53
-73,-76.875,52
-73,-71.25,44
-73,-70.625,44
-73,-70,44
-73,-18.125,37
-73,-17.5,37
-73,-16.875,37
-73,-16.25,37
-73,-15.625,37
-73,-15,37
-72.5,-101.88,110
-72.5,-101.25,110
-72.5,-100.62,110
-72.5,-99.375,110
-72.5,-68.75,44
-72.5,-68.125,44
-72.5,-15,37
-72.5,-14.375,37
-72.5,-13.75,37
-72.5,-13.125,37
-72,-72.5,46
-72,-71.875,46
-72,-11.875,37
-72,-11.25,37
-72,68.125,115
-72,68.75,115
-72,69.375,115
-71.5,-10.625,38
-71.5,-0.625,121
-71.5,68.75,115
-71.5,69.375,115
-71.5,70,115
-71.5,70.625,115
-71,-72.5,50
-71,-71.875,50
-71,-9.375,39
-71,-8.125,39
-71,-5,125
-71,-3.75,125
-71,-3.125,125
-71,-1.875,121
-71,-1.25,121
-71,0.625,121
-71,1.25,121
-71,69.375,115
-71,70,115
-71,70.625,115
-71,71.25,115
-70.5,-73.125,50
-70.5,-71.875,50
-70.5,-3.75,125
-70.5,-2.5,121
-70.5,-1.875,121
-70.5,-0.625,121
-70.5,0.625,121
-70.5,1.25,121
-70.5,1.875,121
-70.5,2.5,121
-70.5,4.375,121
-70.5,5,121
-70.5,6.25,121
-70.5,7.5,121
-70.5,10.625,122
-70.5,11.25,122
-70.5,18.125,119
-70.5,19.375,119
-70.5,20,119
-70.5,20.625,119
-70.5,21.25,119
-70.5,22.5,119
-70.5,23.125,119
-70.5,25,118
-70.5,25.625,118
-70.5,26.875,118
-70.5,28.125,118
-70.5,28.75,118
-70.5,69.375,115
-70.5,70,115
-70.5,70.625,115
-70.5,71.25,115
-70,-72.5,50
-70,-71.875,50
-70,-0.625,121
-70,13.75,120
-70,14.375,120
-70,15.625,120
-70,16.25,119
-70,29.375,118
-70,30,118
-70,30.625,118
-70,31.25,118
-70,31.875,118
-70,68.75,115
-70,69.375,115
-70,70,115
-70,70.625,115
-70,71.25,115
-70,71.875,115
-70,72.5,115
-69.5,32.5,118
-69.5,69.375,115
-69.5,70,115
-69.5,70.625,115
-69.5,71.25,115
-69.5,71.875,115
-69.5,72.5,115
-69,-62.5,6
-69,-61.875,6
-69,-61.25,6
-69,70,115
-69,70.625,115
-68.5,-64.375,8
-68.5,-63.125,6
-68.5,-62.5,6
-68.5,-61.25,8
-68.5,-60.625,8
-68,-64.375,8
-68,-63.75,8
-68,-63.125,8
-68,-62.5,8
-68,-61.875,8
-68,-61.25,8
-68,146.88,162
-67.5,-64.375,8
-67.5,-63.75,8
-67.5,-63.125,8
-67.5,-62.5,8
-67.5,-61.875,8
-67.5,-61.25,8
-67.5,82.5,102
-67,-63.75,8
-67,-63.125,8
-67,-62.5,8
-67,-61.875,8
-67,84.375,102
-67,85.625,102
-67,115.62,98
-67,116.25,98
-67,121.25,157
-66.5,-63.125,8
-66.5,-62.5,8
-66.5,-61.875,8
-66.5,-61.25,8
-66.5,86.25,102
-66.5,86.875,102
-66.5,87.5,102
-66,-61.875,51
-66,96.25,100
-66,96.875,100
-66,98.125,100
-66,98.75,100
-66,100,100
